  1    0    3
  2    1   30
  3    3   34
  4    5   17
  5    6   11
  6    8    5
  7   10   26
  8   11   21
  9   13   42
 10   14   33
 11   16   21
 12   18   14
 13   19    1
 14   20   38
 15   21   45
 16   22   28
 17   23   44
 18   25   27
 19   26   21
 20   27   30
 21   28   42
 22   29   11
 23   30   20
 24   31   12
 25   32   39
 26   33   22
 27   35   11
 28   37   44
 29   38    1
 30   40   18
 31   41   44
 32   42    3
 33   43   16
 34   44    9
 35   46   28
 36   47   18
 37   48   25
 38   49   18
 39   50   33
 40   51   43
 41   53   14
 42   55   39
 43   56   21
 44   58   26
 45   59   41
 46   61   17
 47   63    3
 48   64   21
 49   66   48
 50   68   50
 51   70   48
 52   72   41
 53   73   13
 54   75   45
 55   76   50
 56   77    8
 57   78   44
 58   79    8
 59   80   48
 60   82   21
 61   83   21
 62   84    4
 63   86   12
 64   88   40
 65   90   26
 66   92    4
 67   94   32
 68   96   11
 69   98    6
 70   99    7
 71  101   39
 72  103   33
 73  104   26
 74  105   29
 75  106   37
 76  108   45
 77  109   34
 78  111   31
 79  113   29
 80  114   18
 81  116   36
 82  118    2
 83  119   18
 84  121   40
 85  123   17
 86  125    4
 87  126   47
 88  128   19
 89  129   21
 90  130   31
 91  131   26
 92  132    1
 93  133   15
 94  135   31
 95  137    2
 96  139   21
 97  140   45
 98  141   23
 99  142   36
100  144   37
